1766171469806 1.18686 0
1766171510882 1.08001 1
1766171546624 1.03176 2
1766171581574 0.99079 3
1766171616580 0.95849 4
1766171651501 0.95505 5
1766171687339 0.94479 6
1766171723992 0.93083 7
1766171759651 0.92158 8
1766171796637 0.90226 9
1766171833651 0.92148 10
1766171870538 0.89992 11
1766171907547 0.89456 12
1766171943498 0.89782 13
1766171977587 0.88111 14
1766172002983 0.88728 15
1766172027387 0.86716 16
1766172051606 0.88705 17
1766172075914 0.87435 18
1766172100435 0.88157 19
1766172124967 0.86991 20
1766172150685 0.84518 21
1766172177928 0.85824 22
1766172205336 0.86536 23
1766172231684 0.85936 24
1766172257188 0.83234 25
1766172282631 0.86014 26
1766172307555 0.83601 27
1766172331815 0.86507 28
1766172355854 0.83919 29
1766172380016 0.84791 30
1766172404404 0.83785 31
1766172429234 0.82853 32
1766172453080 0.8425 33
1766172476887 0.83472 34
1766172500827 0.83768 35
1766172524588 0.81042 36
1766172548783 0.82769 37
1766172573444 0.82639 38
1766172597869 0.81932 39
1766172622758 0.81932 40
1766172647411 0.82704 41
1766172672149 0.8234 42
1766172696889 0.82365 43
1766172721880 0.80351 44
1766172799423 0.82331 45
1766172822872 0.80038 46
1766172846355 0.81108 47
1766172870223 0.80598 48
1766172894433 0.82186 49
1766172918934 0.78959 50
1766172943550 0.80279 51
1766172968444 0.79099 52
1766172993566 0.79645 53
1766174035528 0.80269 54
1766174060200 0.79421 55
1766174083600 0.7954 56
1766174107154 0.80069 57
1766174131211 0.79006 58
1766174155083 0.78824 59
1766174178907 0.78786 60
1766174202864 0.77969 61
1766175234313 0.77865 62
1766175258652 0.78715 63
1766175281545 0.78028 64
1766175304740 0.77242 65
1766175328410 0.77144 66
1766175352424 0.77793 67
1766175376315 0.76108 68
1766175400133 0.75676 69
1766176436679 0.77712 70
1766176460813 0.75502 71
1766176483728 0.76597 72
1766176506947 0.76089 73
1766176530381 0.76672 74
1766176553981 0.7532 75
1766176577752 0.75183 76
1766176601518 0.76214 77
1766177625994 0.75929 78
1766177650369 0.75317 79
1766177673267 0.75136 80
1766177696209 0.75816 81
1766177719577 0.76221 82
1766177743219 0.75875 83
