1766171469806 3.17857 0
1766171510882 1.81442 1
1766171546624 1.59809 2
1766171581574 1.48315 3
1766171616580 1.40815 4
1766171651501 1.36241 5
1766171687339 1.29203 6
1766171723992 1.28488 7
1766171759651 1.23041 8
1766171796637 1.20055 9
1766171833651 1.17535 10
1766171870538 1.16458 11
1766171907547 1.16524 12
1766171943498 1.13653 13
1766171977587 1.09873 14
1766172002983 1.10127 15
1766172027387 1.08151 16
1766172051606 1.08079 17
1766172075914 1.07782 18
1766172100435 1.04281 19
1766172124967 1.02735 20
1766172150685 1.00208 21
1766172177928 1.02996 22
1766172205336 1.00635 23
1766172231684 1.00097 24
1766172257188 0.96543 25
1766172282631 1.00572 26
1766172307555 0.9611 27
1766172331815 0.96563 28
1766172355854 0.9459 29
1766172380016 0.95758 30
1766172404404 0.94412 31
1766172429234 0.92912 32
1766172453080 0.93541 33
1766172476887 0.92339 34
1766172500827 0.91697 35
1766172524588 0.89944 36
1766172548783 0.89885 37
1766172573444 0.8933 38
1766172597869 0.8811 39
1766172622758 0.87166 40
1766172647411 0.87861 41
1766172672149 0.8637 42
1766172696889 0.8639 43
1766172721880 0.8612 44
1766172799423 0.85474 45
1766172822872 0.82833 46
1766172846355 0.834 47
1766172870223 0.84963 48
1766172894433 0.83489 49
1766172918934 0.8075 50
1766172943550 0.82027 51
1766172968444 0.81099 52
1766172993566 0.79926 53
1766174035528 0.81925 54
1766174060200 0.79453 55
1766174083600 0.79411 56
1766174107154 0.78987 57
1766174131211 0.78745 58
1766174155083 0.77835 59
1766174178907 0.77173 60
1766174202864 0.77064 61
1766175234313 0.76767 62
1766175258652 0.75934 63
1766175281545 0.75908 64
1766175304740 0.75532 65
1766175328410 0.73951 66
1766175352424 0.74113 67
1766175376315 0.73343 68
1766175400133 0.72536 69
1766176436679 0.73882 70
1766176460813 0.71762 71
1766176483728 0.72973 72
1766176506947 0.71094 73
1766176530381 0.71779 74
1766176553981 0.70931 75
1766176577752 0.70757 76
1766176601518 0.7023 77
1766177625994 0.6928 78
1766177650369 0.68912 79
1766177673267 0.68623 80
1766177696209 0.6964 81
1766177719577 0.69529 82
1766177743219 0.68172 83
