1766171469806 1.11052 0
1766171510882 1.04347 1
1766171546624 1.02191 2
1766171581574 1.00941 3
1766171616580 1.00032 4
1766171651501 0.99512 5
1766171687339 0.99639 6
1766171723992 0.98493 7
1766171759651 0.9843 8
1766171796637 0.97322 9
1766171833651 0.97728 10
1766171870538 0.97003 11
1766171907547 0.971 12
1766171943498 0.96727 13
1766171977587 0.96433 14
1766172002983 0.97256 15
1766172027387 0.96459 16
1766172051606 0.96958 17
1766172075914 0.96969 18
1766172100435 0.96527 19
1766172124967 0.96222 20
1766172150685 0.95754 21
1766172177928 0.96201 22
1766172205336 0.9578 23
1766172231684 0.95241 24
1766172257188 0.95221 25
1766172282631 0.95242 26
1766172307555 0.95144 27
1766172331815 0.95431 28
1766172355854 0.9518 29
1766172380016 0.95236 30
1766172404404 0.94732 31
1766172429234 0.94592 32
1766172453080 0.9493 33
1766172476887 0.94857 34
1766172500827 0.94771 35
1766172524588 0.93899 36
1766172548783 0.94418 37
1766172573444 0.94198 38
1766172597869 0.94217 39
1766172622758 0.93863 40
1766172647411 0.94096 41
1766172672149 0.94085 42
1766172696889 0.9431 43
1766172721880 0.936 44
1766172799423 0.94124 45
1766172822872 0.9313 46
1766172846355 0.93963 47
1766172870223 0.93654 48
1766172894433 0.9381 49
1766172918934 0.92951 50
1766172943550 0.93653 51
1766172968444 0.92996 52
1766172993566 0.93186 53
1766174035528 0.93464 54
1766174060200 0.93397 55
1766174083600 0.93268 56
1766174107154 0.93004 57
1766174131211 0.92822 58
1766174155083 0.93183 59
1766174178907 0.92742 60
1766174202864 0.92796 61
1766175234313 0.92295 62
1766175258652 0.92759 63
1766175281545 0.92339 64
1766175304740 0.92065 65
1766175328410 0.92316 66
1766175352424 0.92177 67
1766175376315 0.91492 68
1766175400133 0.91694 69
1766176436679 0.92499 70
1766176460813 0.91665 71
1766176483728 0.91639 72
1766176506947 0.91971 73
1766176530381 0.91652 74
1766176553981 0.91111 75
1766176577752 0.91472 76
1766176601518 0.92005 77
1766177625994 0.91654 78
1766177650369 0.91529 79
1766177673267 0.91232 80
1766177696209 0.91715 81
1766177719577 0.91696 82
1766177743219 0.91284 83
