1766171469806 2.80711 0
1766171510882 2.35649 1
1766171546624 2.28804 2
1766171581574 2.18873 3
1766171616580 2.14257 4
1766171651501 2.10118 5
1766171687339 2.0899 6
1766171723992 2.04949 7
1766171759651 2.03104 8
1766171796637 1.9876 9
1766171833651 2.01527 10
1766171870538 1.96204 11
1766171907547 1.95181 12
1766171943498 1.93764 13
1766171977587 1.90556 14
1766172002983 1.91796 15
1766172027387 1.87238 16
1766172051606 1.90098 17
1766172075914 1.87044 18
1766172100435 1.90073 19
1766172124967 1.85891 20
1766172150685 1.8274 21
1766172177928 1.84233 22
1766172205336 1.83277 23
1766172231684 1.82115 24
1766172257188 1.8003 25
1766172282631 1.81573 26
1766172307555 1.77407 27
1766172331815 1.79085 28
1766172355854 1.7584 29
1766172380016 1.78232 30
1766172404404 1.77388 31
1766172429234 1.74868 32
1766172453080 1.7522 33
1766172476887 1.73498 34
1766172500827 1.73064 35
1766172524588 1.6918 36
1766172548783 1.70464 37
1766172573444 1.69534 38
1766172597869 1.69284 39
1766172622758 1.69092 40
1766172647411 1.68699 41
1766172672149 1.67033 42
1766172696889 1.68906 43
1766172721880 1.63517 44
1766172799423 1.66759 45
1766172822872 1.63266 46
1766172846355 1.65029 47
1766172870223 1.63016 48
1766172894433 1.64773 49
1766172918934 1.60096 50
1766172943550 1.63168 51
1766172968444 1.58537 52
1766172993566 1.58149 53
1766174035528 1.60349 54
1766174060200 1.60562 55
1766174083600 1.58 56
1766174107154 1.5989 57
1766174131211 1.56151 58
1766174155083 1.57643 59
1766174178907 1.56071 60
1766174202864 1.53333 61
1766175234313 1.54439 62
1766175258652 1.57762 63
1766175281545 1.5455 64
1766175304740 1.54174 65
1766175328410 1.5333 66
1766175352424 1.54602 67
1766175376315 1.49368 68
1766175400133 1.4832 69
1766176436679 1.52702 70
1766176460813 1.49459 71
1766176483728 1.49511 72
1766176506947 1.49269 73
1766176530381 1.50436 74
1766176553981 1.47184 75
1766176577752 1.47712 76
1766176601518 1.4906 77
1766177625994 1.47025 78
1766177650369 1.46056 79
1766177673267 1.46693 80
1766177696209 1.48135 81
1766177719577 1.47464 82
1766177743219 1.469 83
