1766202986773 0.00025304700854700854 0
1766203040477 0.0005043374764957265 1
1766203067866 0.0007505525444444445 2
1766203091771 0.0007461607 3
1766203118310 0.0007385476 4
1766203145325 0.0007309345000000001 5
1766203172207 0.0007233214 6
1766203200814 0.0007157083 7
1766203230116 0.0007080952000000001 8
1766203258543 0.0007004821 9
1766203286205 0.000692869 10
1766203312151 0.0006852559 11
1766203337054 0.0006776428000000001 12
1766203364102 0.0006700297 13
1766203391632 0.0006624166 14
1766203422311 0.0006548035000000001 15
1766203455254 0.0006471904000000001 16
1766203488276 0.0006395773 17
1766203517070 0.0006319642000000001 18
1766203545037 0.0006243511000000001 19
1766203572687 0.000616738 20
1766203598644 0.0006091249 21
1766203624201 0.0006015118 22
1766203649540 0.0005938987000000001 23
1766203676180 0.0005862856 24
1766203702878 0.0005786725 25
1766203729230 0.0005710594000000001 26
1766203755690 0.0005634463 27
1766203781727 0.0005558332 28
1766203807775 0.0005482201 29
1766203834920 0.000540607 30
1766203864051 0.0005329939 31
1766203892426 0.0005253807999999999 32
1766203919676 0.0005177676999999999 33
1766203947938 0.0005101546 34
1766203975180 0.0005025415 35
1766204001585 0.0004949284000000001 36
1766204027739 0.00048731530000000004 37
1766204054839 0.00047970220000000005 38
1766204081748 0.0004720891 39
1766204108889 0.000464476 40
1766204136077 0.0004568629000000001 41
1766204163076 0.0004492498000000001 42
1766204189516 0.00044163670000000005 43
1766204215989 0.00043402360000000006 44
1766204242217 0.0004264105 45
1766204269036 0.0004187974000000001 46
1766204295660 0.0004111843000000001 47
1766204321921 0.00040357120000000004 48
1766204348655 0.00039595810000000005 49
1766204375597 0.000388345 50
1766204402415 0.0003807319 51
1766204428829 0.0003731188 52
1766204455219 0.00036550570000000004 53
1766204481560 0.0003578926 54
1766204507865 0.0003502795 55
1766204534127 0.00034266639999999996 56
1766204560532 0.0003350533 57
1766204587147 0.0003274402000000001 58
1766204613275 0.00031982710000000005 59
1766204639371 0.00031221400000000006 60
1766204665511 0.0003046009 61
1766204691457 0.0002969878 62
1766204717714 0.00028937470000000003 63
1766204743908 0.00028176160000000004 64
1766204770162 0.0002741485 65
1766204796740 0.0002665354 66
1766204827118 0.00025892229999999997 67
1766204859662 0.0002513092 68
1766204894129 0.00024369610000000007 69
1766204923568 0.00023608300000000005 70
1766204951337 0.00022846990000000003 71
1766204979236 0.00022085680000000002 72
1766205007156 0.00021324370000000005 73
1766205035346 0.00020563060000000004 74
1766205063950 0.00019801750000000002 75
1766205093034 0.0001904044 76
1766205121606 0.0001827913 77
1766205149731 0.0001751782 78
1766205178605 0.0001675651 79
1766205207533 0.000159952 80
1766205234511 0.00015233889999999997 81
1766205260391 0.00014472580000000006 82
1766205285438 0.00013711270000000005 83
1766205310410 0.00012949960000000006 84
1766205335829 0.00012188650000000003 85
1766205361016 0.00011427340000000001 86
1766205386374 0.00010666030000000002 87
1766205411799 9.90472e-05 88
1766205437234 9.143409999999999e-05 89
1766205501120 8.382099999999998e-05 90
1766205524714 7.620789999999998e-05 91
1766205547881 6.859479999999998e-05 92
1766205571071 6.098169999999996e-05 93
1766205594422 5.3368600000000037e-05 94
1766205617574 4.575550000000004e-05 95
1766205640570 3.814240000000003e-05 96
1766205663966 3.052930000000002e-05 97
1766205687057 2.2916200000000016e-05 98
1766205710539 1.5303100000000006e-05 99
