1766171477290 0.07258 0
1766171512933 0.14719 1
1766171547987 0.19718 2
1766171583505 0.22911 3
1766171618485 0.23171 4
1766171653521 0.27023 5
1766171689332 0.27309 6
1766171726015 0.26309 7
1766171761918 0.3135 8
1766171799244 0.30235 9
1766171836037 0.3165 10
1766171873797 0.28976 11
1766171909710 0.30743 12
1766171945539 0.31761 13
1766171979496 0.32484 14
1766172004420 0.32964 15
1766172028723 0.3255 16
1766172052935 0.36112 17
1766172077236 0.36506 18
1766172101770 0.3537 19
1766172126303 0.34952 20
1766172152752 0.33722 21
1766172179802 0.35669 22
1766172207270 0.35371 23
1766172233362 0.37086 24
1766172258536 0.35669 25
1766172284303 0.35632 26
1766172308903 0.36975 27
1766172333061 0.37893 28
1766172357102 0.35687 29
1766172381275 0.34182 30
1766172406218 0.36673 31
1766172430395 0.35395 32
1766172454255 0.35888 33
1766172478148 0.36548 34
1766172501999 0.37041 35
1766172526003 0.3874 36
1766172550009 0.37765 37
1766172574605 0.38367 38
1766172599052 0.38976 39
1766172623916 0.37361 40
1766172648616 0.38388 41
1766172673368 0.38423 42
1766172698044 0.36869 43
1766172723335 0.38952 44
1766172800604 0.37607 45
1766172823967 0.37577 46
1766172847507 0.38587 47
1766172871402 0.37292 48
1766172895635 0.38572 49
1766172920131 0.38855 50
1766172944728 0.37637 51
1766172969801 0.38308 52
1766172994823 0.36832 53
1766174037775 0.39002 54
1766174061361 0.38151 55
1766174084727 0.3795 56
1766174108394 0.38484 57
1766174132394 0.37583 58
1766174156251 0.37688 59
1766174180191 0.36994 60
1766174204055 0.37853 61
1766175236511 0.38992 62
1766175259774 0.38039 63
1766175282649 0.38219 64
1766175305857 0.38055 65
1766175329618 0.37665 66
1766175353606 0.38861 67
1766175377470 0.38338 68
1766175401367 0.37287 69
1766176438719 0.3793 70
1766176461893 0.3852 71
1766176484820 0.37539 72
1766176508085 0.38693 73
1766176531510 0.37971 74
1766176555124 0.37988 75
1766176578910 0.3783 76
1766176602725 0.38761 77
1766177628370 0.38166 78
1766177651418 0.38647 79
1766177674282 0.37332 80
1766177697436 0.37912 81
1766177720725 0.37673 82
1766177744527 0.37919 83
