1766171477290 0.0646 0
1766171512933 0.10149 1
1766171547987 0.12526 2
1766171583505 0.14171 3
1766171618485 0.14092 4
1766171653521 0.17317 5
1766171689332 0.1582 6
1766171726015 0.16819 7
1766171761918 0.20137 8
1766171799244 0.19529 9
1766171836037 0.20224 10
1766171873797 0.18938 11
1766171909710 0.19791 12
1766171945539 0.20397 13
1766171979496 0.21322 14
1766172004420 0.21284 15
1766172028723 0.20697 16
1766172052935 0.22703 17
1766172077236 0.22278 18
1766172101770 0.22831 19
1766172126303 0.22353 20
1766172152752 0.2131 21
1766172179802 0.22866 22
1766172207270 0.22553 23
1766172233362 0.21991 24
1766172258536 0.22247 25
1766172284303 0.22645 26
1766172308903 0.22921 27
1766172333061 0.23445 28
1766172357102 0.21696 29
1766172381275 0.21639 30
1766172406218 0.23438 31
1766172430395 0.22486 32
1766172454255 0.23288 33
1766172478148 0.22749 34
1766172501999 0.23201 35
1766172526003 0.2422 36
1766172550009 0.23659 37
1766172574605 0.23904 38
1766172599052 0.2423 39
1766172623916 0.23068 40
1766172648616 0.24117 41
1766172673368 0.24136 42
1766172698044 0.23004 43
1766172723335 0.23781 44
1766172800604 0.23619 45
1766172823967 0.22975 46
1766172847507 0.2419 47
1766172871402 0.24328 48
1766172895635 0.23623 49
1766172920131 0.24175 50
1766172944728 0.24111 51
1766172969801 0.24298 52
1766172994823 0.23697 53
1766174037775 0.24513 54
1766174061361 0.24066 55
1766174084727 0.23794 56
1766174108394 0.24748 57
1766174132394 0.23317 58
1766174156251 0.24595 59
1766174180191 0.2376 60
1766174204055 0.24387 61
1766175236511 0.24271 62
1766175259774 0.2456 63
1766175282649 0.23876 64
1766175305857 0.24157 65
1766175329618 0.23815 66
1766175353606 0.24214 67
1766175377470 0.24647 68
1766175401367 0.24044 69
1766176438719 0.23867 70
1766176461893 0.23961 71
1766176484820 0.23771 72
1766176508085 0.24332 73
1766176531510 0.2378 74
1766176555124 0.23883 75
1766176578910 0.24166 76
1766176602725 0.24244 77
1766177628370 0.24292 78
1766177651418 0.2437 79
1766177674282 0.24482 80
1766177697436 0.24166 81
1766177720725 0.23926 82
1766177744527 0.23994 83
