1766171477290 0.05221 0
1766171512933 0.08602 1
1766171547987 0.1074 2
1766171583505 0.11975 3
1766171618485 0.11514 4
1766171653521 0.14604 5
1766171689332 0.13628 6
1766171726015 0.13766 7
1766171761918 0.16838 8
1766171799244 0.16834 9
1766171836037 0.17202 10
1766171873797 0.16503 11
1766171909710 0.17201 12
1766171945539 0.18288 13
1766171979496 0.18603 14
1766172004420 0.18355 15
1766172028723 0.18338 16
1766172052935 0.20147 17
1766172077236 0.20378 18
1766172101770 0.20099 19
1766172126303 0.19074 20
1766172152752 0.19209 21
1766172179802 0.1981 22
1766172207270 0.19886 23
1766172233362 0.19627 24
1766172258536 0.20252 25
1766172284303 0.20124 26
1766172308903 0.20376 27
1766172333061 0.21284 28
1766172357102 0.19638 29
1766172381275 0.19181 30
1766172406218 0.2054 31
1766172430395 0.19311 32
1766172454255 0.20617 33
1766172478148 0.20242 34
1766172501999 0.20444 35
1766172526003 0.21964 36
1766172550009 0.21194 37
1766172574605 0.21385 38
1766172599052 0.21176 39
1766172623916 0.2075 40
1766172648616 0.21823 41
1766172673368 0.21753 42
1766172698044 0.20605 43
1766172723335 0.21646 44
1766172800604 0.20581 45
1766172823967 0.20852 46
1766172847507 0.21331 47
1766172871402 0.21729 48
1766172895635 0.21169 49
1766172920131 0.21468 50
1766172944728 0.21543 51
1766172969801 0.21632 52
1766172994823 0.21273 53
1766174037775 0.21858 54
1766174061361 0.21196 55
1766174084727 0.21493 56
1766174108394 0.22413 57
1766174132394 0.2105 58
1766174156251 0.21948 59
1766174180191 0.20789 60
1766174204055 0.21314 61
1766175236511 0.2142 62
1766175259774 0.21429 63
1766175282649 0.20889 64
1766175305857 0.21421 65
1766175329618 0.21775 66
1766175353606 0.218 67
1766175377470 0.22055 68
1766175401367 0.21514 69
1766176438719 0.21577 70
1766176461893 0.21258 71
1766176484820 0.21369 72
1766176508085 0.22071 73
1766176531510 0.21279 74
1766176555124 0.21244 75
1766176578910 0.21275 76
1766176602725 0.21725 77
1766177628370 0.21773 78
1766177651418 0.2214 79
1766177674282 0.22171 80
1766177697436 0.21515 81
1766177720725 0.21597 82
1766177744527 0.21555 83
