1766171477290 0.7628 0
1766171512933 0.70422 1
1766171547987 0.55898 2
1766171583505 0.3716 3
1766171618485 0.42133 4
1766171653521 0.32297 5
1766171689332 0.40233 6
1766171726015 0.44406 7
1766171761918 0.43813 8
1766171799244 0.43207 9
1766171836037 0.50342 10
1766171873797 0.41073 11
1766171909710 0.43113 12
1766171945539 0.57967 13
1766171979496 0.51074 14
1766172004420 0.45173 15
1766172028723 0.53867 16
1766172052935 0.62726 17
1766172077236 0.57977 18
1766172101770 0.53725 19
1766172126303 0.56434 20
1766172152752 0.52879 21
1766172179802 0.53564 22
1766172207270 0.60162 23
1766172233362 0.54872 24
1766172258536 0.56282 25
1766172284303 0.5702 26
1766172308903 0.60855 27
1766172333061 0.62319 28
1766172357102 0.58346 29
1766172381275 0.5711 30
1766172406218 0.58909 31
1766172430395 0.55769 32
1766172454255 0.571 33
1766172478148 0.56959 34
1766172501999 0.61356 35
1766172526003 0.60701 36
1766172550009 0.55058 37
1766172574605 0.64902 38
1766172599052 0.61726 39
1766172623916 0.59359 40
1766172648616 0.64112 41
1766172673368 0.49245 42
1766172698044 0.59017 43
1766172723335 0.59541 44
1766172800604 0.57422 45
1766172823967 0.49728 46
1766172847507 0.5231 47
1766172871402 0.5996 48
1766172895635 0.62074 49
1766172920131 0.58921 50
1766172944728 0.60958 51
1766172969801 0.60738 52
1766172994823 0.60748 53
1766174037775 0.61261 54
1766174061361 0.61906 55
1766174084727 0.55726 56
1766174108394 0.62357 57
1766174132394 0.61206 58
1766174156251 0.62996 59
1766174180191 0.66807 60
1766174204055 0.62823 61
1766175236511 0.51585 62
1766175259774 0.61376 63
1766175282649 0.60441 64
1766175305857 0.62345 65
1766175329618 0.50352 66
1766175353606 0.5035 67
1766175377470 0.52283 68
1766175401367 0.60897 69
1766176438719 0.47905 70
1766176461893 0.3605 71
1766176484820 0.53826 72
1766176508085 0.63447 73
1766176531510 0.48627 74
1766176555124 0.37354 75
1766176578910 0.47716 76
1766176602725 0.49511 77
1766177628370 0.50358 78
1766177651418 0.50794 79
1766177674282 0.48342 80
1766177697436 0.49712 81
1766177720725 0.52396 82
1766177744527 0.63168 83
