1766171477290 0.76737 0
1766171512933 0.70863 1
1766171547987 0.58145 2
1766171583505 0.36309 3
1766171618485 0.38345 4
1766171653521 0.3816 5
1766171689332 0.39363 6
1766171726015 0.42879 7
1766171761918 0.48795 8
1766171799244 0.41335 9
1766171836037 0.51993 10
1766171873797 0.44539 11
1766171909710 0.44514 12
1766171945539 0.55573 13
1766171979496 0.50274 14
1766172004420 0.44482 15
1766172028723 0.54882 16
1766172052935 0.63517 17
1766172077236 0.57394 18
1766172101770 0.55128 19
1766172126303 0.57794 20
1766172152752 0.55033 21
1766172179802 0.55579 22
1766172207270 0.61052 23
1766172233362 0.54514 24
1766172258536 0.56698 25
1766172284303 0.60605 26
1766172308903 0.59983 27
1766172333061 0.62824 28
1766172357102 0.58489 29
1766172381275 0.5808 30
1766172406218 0.6052 31
1766172430395 0.57229 32
1766172454255 0.58585 33
1766172478148 0.59885 34
1766172501999 0.62001 35
1766172526003 0.61827 36
1766172550009 0.55592 37
1766172574605 0.64014 38
1766172599052 0.6265 39
1766172623916 0.56512 40
1766172648616 0.62608 41
1766172673368 0.50131 42
1766172698044 0.62122 43
1766172723335 0.59806 44
1766172800604 0.57622 45
1766172823967 0.51273 46
1766172847507 0.48255 47
1766172871402 0.60568 48
1766172895635 0.61899 49
1766172920131 0.59138 50
1766172944728 0.59737 51
1766172969801 0.6184 52
1766172994823 0.61743 53
1766174037775 0.60131 54
1766174061361 0.62347 55
1766174084727 0.58416 56
1766174108394 0.63123 57
1766174132394 0.61525 58
1766174156251 0.52415 59
1766174180191 0.46374 60
1766174204055 0.63416 61
1766175236511 0.52067 62
1766175259774 0.62195 63
1766175282649 0.61721 64
1766175305857 0.62146 65
1766175329618 0.5033 66
1766175353606 0.47011 67
1766175377470 0.53586 68
1766175401367 0.62822 69
1766176438719 0.4859 70
1766176461893 0.3764 71
1766176484820 0.52169 72
1766176508085 0.59903 73
1766176531510 0.48524 74
1766176555124 0.36569 75
1766176578910 0.49229 76
1766176602725 0.47687 77
1766177628370 0.5204 78
1766177651418 0.50836 79
1766177674282 0.50168 80
1766177697436 0.50938 81
1766177720725 0.53862 82
1766177744527 0.63842 83
