1766171477290 0.07698 0
1766171512933 0.18868 1
1766171547987 0.21093 2
1766171583505 0.25683 3
1766171618485 0.29209 4
1766171653521 0.28567 5
1766171689332 0.32443 6
1766171726015 0.28952 7
1766171761918 0.33542 8
1766171799244 0.32885 9
1766171836037 0.3157 10
1766171873797 0.31763 11
1766171909710 0.34818 12
1766171945539 0.33284 13
1766171979496 0.3691 14
1766172004420 0.36812 15
1766172028723 0.33242 16
1766172052935 0.37745 17
1766172077236 0.37082 18
1766172101770 0.38123 19
1766172126303 0.36994 20
1766172152752 0.37227 21
1766172179802 0.38547 22
1766172207270 0.34642 23
1766172233362 0.38572 24
1766172258536 0.36724 25
1766172284303 0.34346 26
1766172308903 0.40167 27
1766172333061 0.36616 28
1766172357102 0.36044 29
1766172381275 0.37558 30
1766172406218 0.37811 31
1766172430395 0.39619 32
1766172454255 0.36265 33
1766172478148 0.35599 34
1766172501999 0.35746 35
1766172526003 0.38852 36
1766172550009 0.40456 37
1766172574605 0.37969 38
1766172599052 0.38677 39
1766172623916 0.39895 40
1766172648616 0.39667 41
1766172673368 0.40328 42
1766172698044 0.39531 43
1766172723335 0.40746 44
1766172800604 0.39342 45
1766172823967 0.36979 46
1766172847507 0.39209 47
1766172871402 0.39439 48
1766172895635 0.38834 49
1766172920131 0.41388 50
1766172944728 0.42289 51
1766172969801 0.39397 52
1766172994823 0.37573 53
1766174037775 0.41415 54
1766174061361 0.39136 55
1766174084727 0.37532 56
1766174108394 0.40044 57
1766174132394 0.39404 58
1766174156251 0.40414 59
1766174180191 0.44214 60
1766174204055 0.37049 61
1766175236511 0.37889 62
1766175259774 0.40164 63
1766175282649 0.39235 64
1766175305857 0.38813 65
1766175329618 0.39415 66
1766175353606 0.42116 67
1766175377470 0.39099 68
1766175401367 0.38424 69
1766176438719 0.39776 70
1766176461893 0.40206 71
1766176484820 0.38164 72
1766176508085 0.40126 73
1766176531510 0.41704 74
1766176555124 0.40093 75
1766176578910 0.41597 76
1766176602725 0.42525 77
1766177628370 0.40894 78
1766177651418 0.38171 79
1766177674282 0.40115 80
1766177697436 0.41552 81
1766177720725 0.39214 82
1766177744527 0.39999 83
