1766202986773 1.187 0
1766203040477 1.07792 1
1766203067866 1.03439 2
1766203091771 0.99495 3
1766203118310 0.95982 4
1766203145325 0.95293 5
1766203172207 0.94533 6
1766203200814 0.93104 7
1766203230116 0.91764 8
1766203258543 0.90154 9
1766203286205 0.92305 10
1766203312151 0.89935 11
1766203337054 0.89548 12
1766203364102 0.89386 13
1766203391632 0.88291 14
1766203422311 0.89166 15
1766203455254 0.87318 16
1766203488276 0.8897 17
1766203517070 0.8679 18
1766203545037 0.88194 19
1766203572687 0.87208 20
1766203598644 0.84594 21
1766203624201 0.85913 22
1766203649540 0.86488 23
1766203676180 0.85896 24
1766203702878 0.83358 25
1766203729230 0.86043 26
1766203755690 0.84152 27
1766203781727 0.87026 28
1766203807775 0.84417 29
1766203834920 0.84814 30
1766203864051 0.8402 31
1766203892426 0.82796 32
1766203919676 0.8434 33
1766203947938 0.8384 34
1766203975180 0.84093 35
1766204001585 0.81279 36
1766204027739 0.82681 37
1766204054839 0.82483 38
1766204081748 0.82174 39
1766204108889 0.82292 40
1766204136077 0.82898 41
1766204163076 0.82194 42
1766204189516 0.8227 43
1766204215989 0.80564 44
1766204242217 0.82074 45
1766204269036 0.80303 46
1766204295660 0.81373 47
1766204321921 0.80362 48
1766204348655 0.82141 49
1766204375597 0.78998 50
1766204402415 0.80434 51
1766204428829 0.78955 52
1766204455219 0.79533 53
1766204481560 0.80221 54
1766204507865 0.79228 55
1766204534127 0.79334 56
1766204560532 0.7974 57
1766204587147 0.78856 58
1766204613275 0.78734 59
1766204639371 0.78655 60
1766204665511 0.7772 61
1766204691457 0.78323 62
1766204717714 0.79264 63
1766204743908 0.78298 64
1766204770162 0.774 65
1766204796740 0.77562 66
1766204827118 0.78057 67
1766204859662 0.75906 68
1766204894129 0.75416 69
1766204923568 0.77592 70
1766204951337 0.75698 71
1766204979236 0.76794 72
1766205007156 0.76278 73
1766205035346 0.76767 74
1766205063950 0.75307 75
1766205093034 0.75548 76
1766205121606 0.76372 77
1766205149731 0.76063 78
1766205178605 0.75345 79
1766205207533 0.75365 80
1766205234511 0.76092 81
1766205260391 0.76175 82
1766205285438 0.7564 83
1766205310410 0.75738 84
1766205335829 0.75682 85
1766205361016 0.75135 86
1766205386374 0.75159 87
1766205411799 0.74637 88
1766205437234 0.74759 89
1766205501120 0.73817 90
1766205524714 0.72725 91
1766205547881 0.71996 92
1766205571071 0.71775 93
1766205594422 0.71669 94
1766205617574 0.71278 95
1766205640570 0.71159 96
1766205663966 0.71255 97
1766205687057 0.69852 98
1766205710539 0.71384 99
