1766202986773 3.17892 0
1766203040477 1.81276 1
1766203067866 1.60122 2
1766203091771 1.48806 3
1766203118310 1.41673 4
1766203145325 1.36692 5
1766203172207 1.29788 6
1766203200814 1.27529 7
1766203230116 1.22829 8
1766203258543 1.20846 9
1766203286205 1.18476 10
1766203312151 1.15934 11
1766203337054 1.16134 12
1766203364102 1.13093 13
1766203391632 1.10759 14
1766203422311 1.10823 15
1766203455254 1.09009 16
1766203488276 1.07854 17
1766203517070 1.0763 18
1766203545037 1.04708 19
1766203572687 1.02804 20
1766203598644 1.0094 21
1766203624201 1.03078 22
1766203649540 1.00463 23
1766203676180 1.0034 24
1766203702878 0.96582 25
1766203729230 0.99941 26
1766203755690 0.97073 27
1766203781727 0.97242 28
1766203807775 0.95221 29
1766203834920 0.95517 30
1766203864051 0.94695 31
1766203892426 0.93155 32
1766203919676 0.93458 33
1766203947938 0.93042 34
1766203975180 0.91982 35
1766204001585 0.90375 36
1766204027739 0.89953 37
1766204054839 0.89203 38
1766204081748 0.88498 39
1766204108889 0.87974 40
1766204136077 0.87979 41
1766204163076 0.86091 42
1766204189516 0.86542 43
1766204215989 0.87147 44
1766204242217 0.85947 45
1766204269036 0.8328 46
1766204295660 0.83782 47
1766204321921 0.85119 48
1766204348655 0.83909 49
1766204375597 0.8137 50
1766204402415 0.83222 51
1766204428829 0.81504 52
1766204455219 0.79904 53
1766204481560 0.81545 54
1766204507865 0.79381 55
1766204534127 0.80061 56
1766204560532 0.79202 57
1766204587147 0.78363 58
1766204613275 0.77552 59
1766204639371 0.76794 60
1766204665511 0.76965 61
1766204691457 0.76939 62
1766204717714 0.76681 63
1766204743908 0.76948 64
1766204770162 0.76156 65
1766204796740 0.74551 66
1766204827118 0.74422 67
1766204859662 0.73456 68
1766204894129 0.72572 69
1766204923568 0.74148 70
1766204951337 0.7245 71
1766204979236 0.73298 72
1766205007156 0.71326 73
1766205035346 0.71925 74
1766205063950 0.71235 75
1766205093034 0.71591 76
1766205121606 0.70593 77
1766205149731 0.69617 78
1766205178605 0.6907 79
1766205207533 0.69032 80
1766205234511 0.70399 81
1766205260391 0.69875 82
1766205285438 0.68724 83
1766205310410 0.69053 84
1766205335829 0.6926 85
1766205361016 0.67431 86
1766205386374 0.67524 87
1766205411799 0.67341 88
1766205437234 0.67163 89
1766205501120 0.67149 90
1766205524714 0.63192 91
1766205547881 0.62435 92
1766205571071 0.62273 93
1766205594422 0.60576 94
1766205617574 0.60267 95
1766205640570 0.59976 96
1766205663966 0.59721 97
1766205687057 0.5942 98
1766205710539 0.59754 99
