1766202986773 1.1102 0
1766203040477 1.04242 1
1766203067866 1.02322 2
1766203091771 1.01088 3
1766203118310 1.00216 4
1766203145325 0.9964 5
1766203172207 0.9968 6
1766203200814 0.98562 7
1766203230116 0.98415 8
1766203258543 0.97246 9
1766203286205 0.97967 10
1766203312151 0.97117 11
1766203337054 0.97176 12
1766203364102 0.96673 13
1766203391632 0.965 14
1766203422311 0.97283 15
1766203455254 0.96626 16
1766203488276 0.97154 17
1766203517070 0.96779 18
1766203545037 0.96633 19
1766203572687 0.96412 20
1766203598644 0.95857 21
1766203624201 0.96267 22
1766203649540 0.9581 23
1766203676180 0.95254 24
1766203702878 0.95235 25
1766203729230 0.95271 26
1766203755690 0.95431 27
1766203781727 0.95535 28
1766203807775 0.95372 29
1766203834920 0.95201 30
1766203864051 0.94892 31
1766203892426 0.94729 32
1766203919676 0.94986 33
1766203947938 0.95068 34
1766203975180 0.94908 35
1766204001585 0.94026 36
1766204027739 0.94421 37
1766204054839 0.94223 38
1766204081748 0.94417 39
1766204108889 0.94038 40
1766204136077 0.94098 41
1766204163076 0.94233 42
1766204189516 0.94402 43
1766204215989 0.93625 44
1766204242217 0.93961 45
1766204269036 0.93254 46
1766204295660 0.93912 47
1766204321921 0.93531 48
1766204348655 0.93739 49
1766204375597 0.93005 50
1766204402415 0.93605 51
1766204428829 0.92922 52
1766204455219 0.93217 53
1766204481560 0.93457 54
1766204507865 0.9335 55
1766204534127 0.93147 56
1766204560532 0.92804 57
1766204587147 0.92706 58
1766204613275 0.93098 59
1766204639371 0.92669 60
1766204665511 0.9276 61
1766204691457 0.92413 62
1766204717714 0.92928 63
1766204743908 0.92446 64
1766204770162 0.92002 65
1766204796740 0.92383 66
1766204827118 0.92228 67
1766204859662 0.91425 68
1766204894129 0.91634 69
1766204923568 0.924 70
1766204951337 0.91745 71
1766204979236 0.91808 72
1766205007156 0.91982 73
1766205035346 0.91707 74
1766205063950 0.91078 75
1766205093034 0.91593 76
1766205121606 0.9208 77
1766205149731 0.91635 78
1766205178605 0.91438 79
1766205207533 0.91316 80
1766205234511 0.91774 81
1766205260391 0.91672 82
1766205285438 0.91254 83
1766205310410 0.91731 84
1766205335829 0.91402 85
1766205361016 0.91111 86
1766205386374 0.91346 87
1766205411799 0.9117 88
1766205437234 0.90657 89
1766205501120 0.9209 90
1766205524714 0.91504 91
1766205547881 0.90954 92
1766205571071 0.91837 93
1766205594422 0.91465 94
1766205617574 0.91173 95
1766205640570 0.90995 96
1766205663966 0.9129 97
1766205687057 0.90717 98
1766205710539 0.91488 99
