1766202986773 2.81933 0
1766203040477 2.35457 1
1766203067866 2.28805 2
1766203091771 2.2 3
1766203118310 2.14278 4
1766203145325 2.0986 5
1766203172207 2.09548 6
1766203200814 2.05469 7
1766203230116 2.03041 8
1766203258543 1.98491 9
1766203286205 2.0227 10
1766203312151 1.96456 11
1766203337054 1.95222 12
1766203364102 1.94312 13
1766203391632 1.91131 14
1766203422311 1.92417 15
1766203455254 1.87319 16
1766203488276 1.90023 17
1766203517070 1.869 18
1766203545037 1.89699 19
1766203572687 1.85915 20
1766203598644 1.82541 21
1766203624201 1.84096 22
1766203649540 1.84082 23
1766203676180 1.81308 24
1766203702878 1.80326 25
1766203729230 1.81241 26
1766203755690 1.77521 27
1766203781727 1.79568 28
1766203807775 1.75687 29
1766203834920 1.78404 30
1766203864051 1.77864 31
1766203892426 1.7408 32
1766203919676 1.75471 33
1766203947938 1.73885 34
1766203975180 1.73177 35
1766204001585 1.68752 36
1766204027739 1.70385 37
1766204054839 1.69128 38
1766204081748 1.69523 39
1766204108889 1.6994 40
1766204136077 1.68806 41
1766204163076 1.67173 42
1766204189516 1.69251 43
1766204215989 1.64096 44
1766204242217 1.67338 45
1766204269036 1.64112 46
1766204295660 1.65152 47
1766204321921 1.63102 48
1766204348655 1.64788 49
1766204375597 1.60349 50
1766204402415 1.6439 51
1766204428829 1.5891 52
1766204455219 1.58505 53
1766204481560 1.61386 54
1766204507865 1.60412 55
1766204534127 1.58658 56
1766204560532 1.60382 57
1766204587147 1.56042 58
1766204613275 1.57264 59
1766204639371 1.56027 60
1766204665511 1.53514 61
1766204691457 1.55686 62
1766204717714 1.58294 63
1766204743908 1.54828 64
1766204770162 1.54409 65
1766204796740 1.53796 66
1766204827118 1.54772 67
1766204859662 1.5034 68
1766204894129 1.48486 69
1766204923568 1.52287 70
1766204951337 1.50012 71
1766204979236 1.49601 72
1766205007156 1.49308 73
1766205035346 1.49373 74
1766205063950 1.47253 75
1766205093034 1.47875 76
1766205121606 1.49343 77
1766205149731 1.47068 78
1766205178605 1.46737 79
1766205207533 1.46616 80
1766205234511 1.48036 81
1766205260391 1.47559 82
1766205285438 1.47173 83
1766205310410 1.47584 84
1766205335829 1.46195 85
1766205361016 1.45741 86
1766205386374 1.45651 87
1766205411799 1.44173 88
1766205437234 1.45528 89
1766205501120 1.47247 90
1766205524714 1.44697 91
1766205547881 1.4102 92
1766205571071 1.40698 93
1766205594422 1.39412 94
1766205617574 1.38916 95
1766205640570 1.39998 96
1766205663966 1.37741 97
1766205687057 1.39152 98
1766205710539 1.39737 99
