1766171469806 0.00025304700854700854 0
1766171510882 0.0005043374764957265 1
1766171546624 0.0007505525444444445 2
1766171581574 0.0007461607 3
1766171616580 0.0007385476 4
1766171651501 0.0007309345000000001 5
1766171687339 0.0007233214 6
1766171723992 0.0007157083 7
1766171759651 0.0007080952000000001 8
1766171796637 0.0007004821 9
1766171833651 0.000692869 10
1766171870538 0.0006852559 11
1766171907547 0.0006776428000000001 12
1766171943498 0.0006700297 13
1766171977587 0.0006624166 14
1766172002983 0.0006548035000000001 15
1766172027387 0.0006471904000000001 16
1766172051606 0.0006395773 17
1766172075914 0.0006319642000000001 18
1766172100435 0.0006243511000000001 19
1766172124967 0.000616738 20
1766172150685 0.0006091249 21
1766172177928 0.0006015118 22
1766172205336 0.0005938987000000001 23
1766172231684 0.0005862856 24
1766172257188 0.0005786725 25
1766172282631 0.0005710594000000001 26
1766172307555 0.0005634463 27
1766172331815 0.0005558332 28
1766172355854 0.0005482201 29
1766172380016 0.000540607 30
1766172404404 0.0005329939 31
1766172429234 0.0005253807999999999 32
1766172453080 0.0005177676999999999 33
1766172476887 0.0005101546 34
1766172500827 0.0005025415 35
1766172524588 0.0004949284000000001 36
1766172548783 0.00048731530000000004 37
1766172573444 0.00047970220000000005 38
1766172597869 0.0004720891 39
1766172622758 0.000464476 40
1766172647411 0.0004568629000000001 41
1766172672149 0.0004492498000000001 42
1766172696889 0.00044163670000000005 43
1766172721880 0.00043402360000000006 44
1766172799423 0.0004264105 45
1766172822872 0.0004187974000000001 46
1766172846355 0.0004111843000000001 47
1766172870223 0.00040357120000000004 48
1766172894433 0.00039595810000000005 49
1766172918934 0.000388345 50
1766172943550 0.0003807319 51
1766172968444 0.0003731188 52
1766172993566 0.00036550570000000004 53
1766174035528 0.0003578926 54
1766174060200 0.0003502795 55
1766174083600 0.00034266639999999996 56
1766174107154 0.0003350533 57
1766174131211 0.0003274402000000001 58
1766174155083 0.00031982710000000005 59
1766174178907 0.00031221400000000006 60
1766174202864 0.0003046009 61
1766175234313 0.0002969878 62
1766175258652 0.00028937470000000003 63
1766175281545 0.00028176160000000004 64
1766175304740 0.0002741485 65
1766175328410 0.0002665354 66
1766175352424 0.00025892229999999997 67
1766175376315 0.0002513092 68
1766175400133 0.00024369610000000007 69
1766176436679 0.00023608300000000005 70
1766176460813 0.00022846990000000003 71
1766176483728 0.00022085680000000002 72
1766176506947 0.00021324370000000005 73
1766176530381 0.00020563060000000004 74
1766176553981 0.00019801750000000002 75
1766176577752 0.0001904044 76
1766176601518 0.0001827913 77
1766177625994 0.0001751782 78
1766177650369 0.0001675651 79
1766177673267 0.000159952 80
1766177696209 0.00015233889999999997 81
1766177719577 0.00014472580000000006 82
1766177743219 0.00013711270000000005 83
