1766203014538 0.05695 0
1766203045810 0.13893 1
1766203069056 0.20434 2
1766203093606 0.21081 3
1766203120390 0.22371 4
1766203147298 0.26895 5
1766203174201 0.27015 6
1766203202854 0.26103 7
1766203232256 0.27636 8
1766203260577 0.28672 9
1766203288098 0.30396 10
1766203313331 0.29584 11
1766203338382 0.28709 12
1766203366196 0.3302 13
1766203394517 0.33606 14
1766203424390 0.33849 15
1766203457618 0.33352 16
1766203490650 0.37109 17
1766203519238 0.36527 18
1766203546774 0.3255 19
1766203574280 0.35088 20
1766203599930 0.32883 21
1766203625440 0.35406 22
1766203650870 0.36811 23
1766203677695 0.34901 24
1766203704364 0.34829 25
1766203730934 0.35979 26
1766203757030 0.35373 27
1766203783124 0.3617 28
1766203809320 0.36053 29
1766203836905 0.3552 30
1766203866095 0.36094 31
1766203893880 0.36878 32
1766203921578 0.36598 33
1766203949670 0.36224 34
1766203976754 0.37225 35
1766204002876 0.39042 36
1766204029177 0.36577 37
1766204056155 0.37366 38
1766204083161 0.37919 39
1766204110411 0.36076 40
1766204137547 0.36516 41
1766204164405 0.38646 42
1766204190780 0.36068 43
1766204217299 0.38069 44
1766204243487 0.37936 45
1766204270304 0.37105 46
1766204296826 0.36693 47
1766204323132 0.38109 48
1766204350158 0.37893 49
1766204377095 0.3891 50
1766204403696 0.37414 51
1766204430161 0.3753 52
1766204456461 0.38562 53
1766204482792 0.37422 54
1766204509130 0.38417 55
1766204535381 0.36758 56
1766204561754 0.36853 57
1766204588671 0.37191 58
1766204614487 0.36983 59
1766204640649 0.38769 60
1766204666736 0.36575 61
1766204692695 0.37111 62
1766204719046 0.37999 63
1766204745176 0.37687 64
1766204771623 0.37701 65
1766204798658 0.38032 66
1766204829780 0.3817 67
1766204862176 0.37568 68
1766204896848 0.37486 69
1766204925557 0.37174 70
1766204953284 0.38292 71
1766204981164 0.37618 72
1766205009106 0.38426 73
1766205037258 0.37585 74
1766205066108 0.36799 75
1766205095171 0.37396 76
1766205123471 0.36414 77
1766205151705 0.36897 78
1766205180927 0.37048 79
1766205209363 0.36642 80
1766205235957 0.3833 81
1766205261794 0.37352 82
1766205286712 0.38179 83
1766205311847 0.37301 84
1766205337033 0.37797 85
1766205362252 0.38058 86
1766205387663 0.37804 87
1766205413078 0.37541 88
1766205438443 0.376 89
1766205502821 0.36878 90
1766205525952 0.36622 91
1766205549064 0.36795 92
1766205572356 0.37019 93
1766205595634 0.37561 94
1766205618754 0.37755 95
1766205641824 0.37773 96
1766205665128 0.37731 97
1766205688315 0.38219 98
1766205711730 0.38184 99
1766205716678 0.37653570294293215 99
