1766203014538 0.04063 0
1766203045810 0.08325 1
1766203069056 0.11184 2
1766203093606 0.1119 3
1766203120390 0.11423 4
1766203147298 0.14557 5
1766203174201 0.14202 6
1766203202854 0.13943 7
1766203232256 0.15358 8
1766203260577 0.15635 9
1766203288098 0.16864 10
1766203313331 0.16834 11
1766203338382 0.16572 12
1766203366196 0.18751 13
1766203394517 0.19367 14
1766203424390 0.18495 15
1766203457618 0.18886 16
1766203490650 0.20599 17
1766203519238 0.20195 18
1766203546774 0.17736 19
1766203574280 0.19329 20
1766203599930 0.18603 21
1766203625440 0.2038 22
1766203650870 0.20815 23
1766203677695 0.19306 24
1766203704364 0.20393 25
1766203730934 0.20454 26
1766203757030 0.20689 27
1766203783124 0.20585 28
1766203809320 0.20569 29
1766203836905 0.19465 30
1766203866095 0.20496 31
1766203893880 0.21022 32
1766203921578 0.2121 33
1766203949670 0.20141 34
1766203976754 0.21339 35
1766204002876 0.21827 36
1766204029177 0.21298 37
1766204056155 0.2124 38
1766204083161 0.21589 39
1766204110411 0.20351 40
1766204137547 0.21226 41
1766204164405 0.21962 42
1766204190780 0.2089 43
1766204217299 0.2098 44
1766204243487 0.21954 45
1766204270304 0.21613 46
1766204296826 0.20813 47
1766204323132 0.21621 48
1766204350158 0.2059 49
1766204377095 0.21765 50
1766204403696 0.21386 51
1766204430161 0.21662 52
1766204456461 0.22186 53
1766204482792 0.21725 54
1766204509130 0.21997 55
1766204535381 0.21042 56
1766204561754 0.21349 57
1766204588671 0.2117 58
1766204614487 0.21714 59
1766204640649 0.22216 60
1766204666736 0.21512 61
1766204692695 0.21557 62
1766204719046 0.22042 63
1766204745176 0.21792 64
1766204771623 0.2149 65
1766204798658 0.22186 66
1766204829780 0.21933 67
1766204862176 0.21955 68
1766204896848 0.2149 69
1766204925557 0.2165 70
1766204953284 0.22313 71
1766204981164 0.21991 72
1766205009106 0.22124 73
1766205037258 0.21721 74
1766205066108 0.21368 75
1766205095171 0.21838 76
1766205123471 0.21198 77
1766205151705 0.21533 78
1766205180927 0.2163 79
1766205209363 0.21978 80
1766205235957 0.22195 81
1766205261794 0.21676 82
1766205286712 0.22063 83
1766205311847 0.21756 84
1766205337033 0.21982 85
1766205362252 0.22247 86
1766205387663 0.22144 87
1766205413078 0.22149 88
1766205438443 0.22143 89
1766205502821 0.21779 90
1766205525952 0.21494 91
1766205549064 0.21816 92
1766205572356 0.21996 93
1766205595634 0.22228 94
1766205618754 0.22053 95
1766205641824 0.22044 96
1766205665128 0.2191 97
1766205688315 0.22168 98
1766205711730 0.21967 99
1766205716678 0.22232631171308206 99
