1766203014538 0.07737 0
1766203045810 0.15244 1
1766203069056 0.21618 2
1766203093606 0.2232 3
1766203120390 0.22999 4
1766203147298 0.2807 5
1766203174201 0.28243 6
1766203202854 0.28494 7
1766203232256 0.28849 8
1766203260577 0.29723 9
1766203288098 0.32084 10
1766203313331 0.31564 11
1766203338382 0.30456 12
1766203366196 0.3376 13
1766203394517 0.3385 14
1766203424390 0.33507 15
1766203457618 0.35463 16
1766203490650 0.36716 17
1766203519238 0.38025 18
1766203546774 0.34312 19
1766203574280 0.36407 20
1766203599930 0.34322 21
1766203625440 0.37003 22
1766203650870 0.36744 23
1766203677695 0.36053 24
1766203704364 0.36502 25
1766203730934 0.37005 26
1766203757030 0.359 27
1766203783124 0.36529 28
1766203809320 0.36702 29
1766203836905 0.36704 30
1766203866095 0.36203 31
1766203893880 0.37477 32
1766203921578 0.36948 33
1766203949670 0.37556 34
1766203976754 0.38561 35
1766204002876 0.39218 36
1766204029177 0.37508 37
1766204056155 0.3814 38
1766204083161 0.39367 39
1766204110411 0.36335 40
1766204137547 0.3662 41
1766204164405 0.39016 42
1766204190780 0.36792 43
1766204217299 0.38029 44
1766204243487 0.39081 45
1766204270304 0.37504 46
1766204296826 0.38711 47
1766204323132 0.38457 48
1766204350158 0.37935 49
1766204377095 0.3862 50
1766204403696 0.3807 51
1766204430161 0.38607 52
1766204456461 0.39315 53
1766204482792 0.38167 54
1766204509130 0.39286 55
1766204535381 0.39227 56
1766204561754 0.38922 57
1766204588671 0.37799 58
1766204614487 0.38015 59
1766204640649 0.39248 60
1766204666736 0.3831 61
1766204692695 0.37342 62
1766204719046 0.39976 63
1766204745176 0.38743 64
1766204771623 0.39669 65
1766204798658 0.38687 66
1766204829780 0.39135 67
1766204862176 0.39335 68
1766204896848 0.38598 69
1766204925557 0.38916 70
1766204953284 0.39382 71
1766204981164 0.38739 72
1766205009106 0.39134 73
1766205037258 0.38657 74
1766205066108 0.3929 75
1766205095171 0.38822 76
1766205123471 0.38844 77
1766205151705 0.39013 78
1766205180927 0.38773 79
1766205209363 0.39019 80
1766205235957 0.39129 81
1766205261794 0.3886 82
1766205286712 0.39615 83
1766205311847 0.39049 84
1766205337033 0.39376 85
1766205362252 0.39986 86
1766205387663 0.39655 87
1766205413078 0.39707 88
1766205438443 0.39261 89
1766205502821 0.38425 90
1766205525952 0.388 91
1766205549064 0.38977 92
1766205572356 0.38848 93
1766205595634 0.39883 94
1766205618754 0.39191 95
1766205641824 0.39688 96
1766205665128 0.39865 97
1766205688315 0.40189 98
1766205711730 0.39877 99
1766205716678 0.400261061979505 99
