1766203014538 0.06069 0
1766203045810 0.09743 1
1766203069056 0.13062 2
1766203093606 0.13222 3
1766203120390 0.13339 4
1766203147298 0.16889 5
1766203174201 0.16787 6
1766203202854 0.16844 7
1766203232256 0.18158 8
1766203260577 0.17998 9
1766203288098 0.19575 10
1766203313331 0.1957 11
1766203338382 0.19365 12
1766203366196 0.21141 13
1766203394517 0.21647 14
1766203424390 0.20918 15
1766203457618 0.22134 16
1766203490650 0.22843 17
1766203519238 0.2287 18
1766203546774 0.20679 19
1766203574280 0.21894 20
1766203599930 0.20503 21
1766203625440 0.22594 22
1766203650870 0.23081 23
1766203677695 0.21474 24
1766203704364 0.23198 25
1766203730934 0.22947 26
1766203757030 0.22644 27
1766203783124 0.22465 28
1766203809320 0.23088 29
1766203836905 0.22649 30
1766203866095 0.22744 31
1766203893880 0.237 32
1766203921578 0.23508 33
1766203949670 0.22962 34
1766203976754 0.24405 35
1766204002876 0.24083 36
1766204029177 0.23386 37
1766204056155 0.23404 38
1766204083161 0.24535 39
1766204110411 0.22638 40
1766204137547 0.23265 41
1766204164405 0.24183 42
1766204190780 0.23003 43
1766204217299 0.23928 44
1766204243487 0.24154 45
1766204270304 0.23802 46
1766204296826 0.23697 47
1766204323132 0.24015 48
1766204350158 0.22989 49
1766204377095 0.24227 50
1766204403696 0.23784 51
1766204430161 0.23983 52
1766204456461 0.24615 53
1766204482792 0.2392 54
1766204509130 0.24663 55
1766204535381 0.23948 56
1766204561754 0.24112 57
1766204588671 0.23374 58
1766204614487 0.23894 59
1766204640649 0.24559 60
1766204666736 0.24201 61
1766204692695 0.23223 62
1766204719046 0.24855 63
1766204745176 0.24022 64
1766204771623 0.24091 65
1766204798658 0.24562 66
1766204829780 0.24524 67
1766204862176 0.241 68
1766204896848 0.24144 69
1766204925557 0.24291 70
1766204953284 0.24643 71
1766204981164 0.2388 72
1766205009106 0.24372 73
1766205037258 0.23827 74
1766205066108 0.24039 75
1766205095171 0.24233 76
1766205123471 0.23664 77
1766205151705 0.24052 78
1766205180927 0.24435 79
1766205209363 0.24313 80
1766205235957 0.245 81
1766205261794 0.24032 82
1766205286712 0.24784 83
1766205311847 0.24647 84
1766205337033 0.24686 85
1766205362252 0.25079 86
1766205387663 0.2477 87
1766205413078 0.24723 88
1766205438443 0.24852 89
1766205502821 0.2422 90
1766205525952 0.24494 91
1766205549064 0.24625 92
1766205572356 0.24893 93
1766205595634 0.24952 94
1766205618754 0.25058 95
1766205641824 0.25046 96
1766205665128 0.25013 97
1766205688315 0.25082 98
1766205711730 0.25051 99
1766205716678 0.2509164827052698 99
