1766203014538 0.72447 0
1766203045810 0.69142 1
1766203069056 0.58114 2
1766203093606 0.45014 3
1766203120390 0.439 4
1766203147298 0.30206 5
1766203174201 0.30505 6
1766203202854 0.4205 7
1766203232256 0.37989 8
1766203260577 0.40704 9
1766203288098 0.44271 10
1766203313331 0.40396 11
1766203338382 0.52704 12
1766203366196 0.52664 13
1766203394517 0.52072 14
1766203424390 0.44303 15
1766203457618 0.57544 16
1766203490650 0.55851 17
1766203519238 0.52754 18
1766203546774 0.58872 19
1766203574280 0.44264 20
1766203599930 0.51792 21
1766203625440 0.55662 22
1766203650870 0.55376 23
1766203677695 0.42693 24
1766203704364 0.55988 25
1766203730934 0.52771 26
1766203757030 0.59179 27
1766203783124 0.56104 28
1766203809320 0.56995 29
1766203836905 0.61079 30
1766203866095 0.55887 31
1766203893880 0.4598 32
1766203921578 0.57439 33
1766203949670 0.5963 34
1766203976754 0.58436 35
1766204002876 0.61785 36
1766204029177 0.58771 37
1766204056155 0.58259 38
1766204083161 0.64824 39
1766204110411 0.64364 40
1766204137547 0.60092 41
1766204164405 0.68607 42
1766204190780 0.5752 43
1766204217299 0.58224 44
1766204243487 0.60801 45
1766204270304 0.58197 46
1766204296826 0.46118 47
1766204323132 0.65401 48
1766204350158 0.59697 49
1766204377095 0.64754 50
1766204403696 0.61578 51
1766204430161 0.56591 52
1766204456461 0.62173 53
1766204482792 0.59807 54
1766204509130 0.61771 55
1766204535381 0.49362 56
1766204561754 0.61949 57
1766204588671 0.60166 58
1766204614487 0.56036 59
1766204640649 0.6382 60
1766204666736 0.62714 61
1766204692695 0.47446 62
1766204719046 0.6108 63
1766204745176 0.60955 64
1766204771623 0.49622 65
1766204798658 0.62156 66
1766204829780 0.61133 67
1766204862176 0.61172 68
1766204896848 0.61644 69
1766204925557 0.6516 70
1766204953284 0.60468 71
1766204981164 0.56503 72
1766205009106 0.62267 73
1766205037258 0.61448 74
1766205066108 0.58997 75
1766205095171 0.58872 76
1766205123471 0.58872 77
1766205151705 0.47721 78
1766205180927 0.63185 79
1766205209363 0.58824 80
1766205235957 0.4898 81
1766205261794 0.58991 82
1766205286712 0.62882 83
1766205311847 0.4757 84
1766205337033 0.57224 85
1766205362252 0.35325 86
1766205387663 0.58387 87
1766205413078 0.58273 88
1766205438443 0.60102 89
1766205502821 0.54086 90
1766205525952 0.57876 91
1766205549064 0.57903 92
1766205572356 0.44518 93
1766205595634 0.45654 94
1766205618754 0.59005 95
1766205641824 0.59838 96
1766205665128 0.33386 97
1766205688315 0.59902 98
1766205711730 0.58894 99
1766205716678 0.3502601200684381 99
