1766203014538 0.78149 0
1766203045810 0.71154 1
1766203069056 0.60044 2
1766203093606 0.4287 3
1766203120390 0.41821 4
1766203147298 0.3189 5
1766203174201 0.3206 6
1766203202854 0.43206 7
1766203232256 0.39913 8
1766203260577 0.43343 9
1766203288098 0.44604 10
1766203313331 0.43353 11
1766203338382 0.53885 12
1766203366196 0.53071 13
1766203394517 0.51323 14
1766203424390 0.45094 15
1766203457618 0.62926 16
1766203490650 0.57021 17
1766203519238 0.54789 18
1766203546774 0.58133 19
1766203574280 0.46777 20
1766203599930 0.53705 21
1766203625440 0.42935 22
1766203650870 0.55118 23
1766203677695 0.42832 24
1766203704364 0.58303 25
1766203730934 0.53379 26
1766203757030 0.59485 27
1766203783124 0.56271 28
1766203809320 0.56275 29
1766203836905 0.61595 30
1766203866095 0.56554 31
1766203893880 0.47294 32
1766203921578 0.57452 33
1766203949670 0.60403 34
1766203976754 0.59493 35
1766204002876 0.5968 36
1766204029177 0.59258 37
1766204056155 0.58287 38
1766204083161 0.65728 39
1766204110411 0.62604 40
1766204137547 0.59192 41
1766204164405 0.68028 42
1766204190780 0.56803 43
1766204217299 0.57825 44
1766204243487 0.58679 45
1766204270304 0.59074 46
1766204296826 0.47547 47
1766204323132 0.62978 48
1766204350158 0.58937 49
1766204377095 0.63923 50
1766204403696 0.58922 51
1766204430161 0.5592 52
1766204456461 0.62722 53
1766204482792 0.59282 54
1766204509130 0.62072 55
1766204535381 0.48036 56
1766204561754 0.51125 57
1766204588671 0.61684 58
1766204614487 0.552 59
1766204640649 0.60858 60
1766204666736 0.63726 61
1766204692695 0.47155 62
1766204719046 0.61737 63
1766204745176 0.61777 64
1766204771623 0.47193 65
1766204798658 0.59588 66
1766204829780 0.6157 67
1766204862176 0.62886 68
1766204896848 0.61175 69
1766204925557 0.62207 70
1766204953284 0.62156 71
1766204981164 0.5771 72
1766205009106 0.5876 73
1766205037258 0.60219 74
1766205066108 0.59516 75
1766205095171 0.60851 76
1766205123471 0.6156 77
1766205151705 0.62179 78
1766205180927 0.62059 79
1766205209363 0.60962 80
1766205235957 0.49279 81
1766205261794 0.63926 82
1766205286712 0.61104 83
1766205311847 0.49792 84
1766205337033 0.59207 85
1766205362252 0.59681 86
1766205387663 0.59782 87
1766205413078 0.59035 88
1766205438443 0.6169 89
1766205502821 0.5527 90
1766205525952 0.59788 91
1766205549064 0.59713 92
1766205572356 0.46331 93
1766205595634 0.46728 94
1766205618754 0.60159 95
1766205641824 0.61463 96
1766205665128 0.63008 97
1766205688315 0.61381 98
1766205711730 0.60255 99
1766205716678 0.5967113988237213 99
