1766203014538 0.06957 0
1766203045810 0.16408 1
1766203069056 0.20881 2
1766203093606 0.27728 3
1766203120390 0.27301 4
1766203147298 0.30842 5
1766203174201 0.31316 6
1766203202854 0.2743 7
1766203232256 0.33959 8
1766203260577 0.32335 9
1766203288098 0.3638 10
1766203313331 0.32059 11
1766203338382 0.34555 12
1766203366196 0.356 13
1766203394517 0.37673 14
1766203424390 0.35496 15
1766203457618 0.35034 16
1766203490650 0.38046 17
1766203519238 0.41209 18
1766203546774 0.35857 19
1766203574280 0.38709 20
1766203599930 0.36028 21
1766203625440 0.38379 22
1766203650870 0.40293 23
1766203677695 0.40482 24
1766203704364 0.38164 25
1766203730934 0.39234 26
1766203757030 0.3724 27
1766203783124 0.35848 28
1766203809320 0.39213 29
1766203836905 0.37364 30
1766203866095 0.34944 31
1766203893880 0.39867 32
1766203921578 0.37398 33
1766203949670 0.38801 34
1766203976754 0.38171 35
1766204002876 0.40061 36
1766204029177 0.3768 37
1766204056155 0.3895 38
1766204083161 0.38236 39
1766204110411 0.34702 40
1766204137547 0.3577 41
1766204164405 0.35517 42
1766204190780 0.38175 43
1766204217299 0.39859 44
1766204243487 0.39304 45
1766204270304 0.39933 46
1766204296826 0.40056 47
1766204323132 0.37975 48
1766204350158 0.39806 49
1766204377095 0.35529 50
1766204403696 0.39866 51
1766204430161 0.41625 52
1766204456461 0.37798 53
1766204482792 0.40464 54
1766204509130 0.39405 55
1766204535381 0.40465 56
1766204561754 0.38234 57
1766204588671 0.38271 58
1766204614487 0.39819 59
1766204640649 0.40414 60
1766204666736 0.37076 61
1766204692695 0.38683 62
1766204719046 0.38356 63
1766204745176 0.3883 64
1766204771623 0.41587 65
1766204798658 0.389 66
1766204829780 0.41909 67
1766204862176 0.39354 68
1766204896848 0.39496 69
1766204925557 0.36567 70
1766204953284 0.38157 71
1766204981164 0.43109 72
1766205009106 0.40821 73
1766205037258 0.3857 74
1766205066108 0.40611 75
1766205095171 0.38095 76
1766205123471 0.39056 77
1766205151705 0.38309 78
1766205180927 0.40364 79
1766205209363 0.38898 80
1766205235957 0.42412 81
1766205261794 0.38599 82
1766205286712 0.41299 83
1766205311847 0.4097 84
1766205337033 0.40909 85
1766205362252 0.42198 86
1766205387663 0.42538 87
1766205413078 0.42364 88
1766205438443 0.39274 89
1766205502821 0.43198 90
1766205525952 0.39898 91
1766205549064 0.40464 92
1766205572356 0.42314 93
1766205595634 0.4262 94
1766205618754 0.40548 95
1766205641824 0.38227 96
1766205665128 0.3768 97
1766205688315 0.41943 98
1766205711730 0.40553 99
1766205716678 0.42174302904680455 99
